id	label	x	y	cluster	weight<Links>	weight<Total link strength>	weight<Occurrences>	score<Avg. pub. year>	score<Avg. citations>	score<Avg. norm. citations>
19	academic performance	-0.635	0.672	1	29	44	5	2020.6	46.2	1.7325
43	adolescent	0.1034	0.337	1	52	121	8	2021.125	344.5	7.7818
45	adult	0.2891	-0.3428	3	84	447	35	2022.3429	84.6571	2.0616
48	affective commitment	-0.8816	-0.2584	4	20	20	5	2023.2	10.4	0.4162
55	aged	0.4056	-0.6222	3	33	63	5	2023.4	417.2	9.5143
94	article	0.3691	-0.0292	2	88	646	63	2022.0476	62.7778	1.8456
95	artificial intelligence	-0.7139	-0.0091	4	35	52	12	2024.1667	53.5	1.6529
112	attitude	-0.1893	-0.2256	3	36	63	6	2022	22	0.7808
127	behavior	-0.0502	-0.321	3	37	66	5	2020.4	22.2	0.6577
135	bibliometric analysis	-0.9792	0.0266	4	5	6	5	2024.4	18.2	0.7882
180	capacity building	1.1056	0.0182	2	32	59	6	2021.1667	12.3333	0.6126
184	career	0.1874	-0.4205	2	43	84	8	2020.875	26.625	0.9902
213	climate change	0.2922	0.9662	1	18	31	5	2021.2	126.4	5.0665
287	controlled study	-0.0275	-0.0557	5	64	194	18	2022.6111	20.5	0.9902
296	coronavirus disease 2019	0.0731	0.7451	1	47	115	9	2023	250.7778	6.0252
304	covid-19	-0.0821	0.7051	1	54	124	13	2023.1538	174.5385	4.5526
316	cross-sectional study	0.2243	-0.8273	3	46	96	8	2021.375	9.625	0.2892
323	curriculum	0.0426	0.1291	2	44	77	7	2022.5714	23.5714	0.873
348	decision making	-0.0787	0.5744	1	60	141	33	2022.2727	109.3636	3.9135
423	e-learning	-0.4655	0.8378	1	34	57	6	2022.3333	32.6667	1.2369
439	education	-0.0552	0.3355	1	64	175	21	2022.0952	17.7619	0.6914
458	educational institutions	-0.864	-0.1202	4	6	6	10	2023.3	4.4	0.1849
462	educational status	-0.3492	0.2819	1	33	52	5	2023.8	14.2	0.4225
490	employee	-0.3857	-0.4782	4	31	44	6	2022.6667	15.8333	0.6183
497	employee engagement	-1.0286	-0.3549	4	17	21	17	2022.5882	4.9412	0.2735
504	employee performance	-0.9307	-0.3989	4	20	23	12	2024.3333	7.5833	0.8306
513	employment	-0.4475	-0.3131	3	36	56	6	2023.3333	5.8333	0.2641
515	empowerment	0.2392	0.5035	1	40	61	10	2023.7	59.5	2.5684
581	faculty	-0.1446	-0.8825	3	40	94	8	2022.5	5.625	0.4192
604	female	0.2775	-0.204	3	85	502	41	2022.2439	73.4634	1.8939
642	gender	-0.5114	0.5816	1	32	50	6	2022.1667	34.8333	1.2388
667	global health	0.9157	0.164	2	40	77	7	2019.8571	365	8.0081
675	government	0.746	0.202	2	44	82	6	2022.6667	12.5	0.6751
697	health care delivery	0.6917	0.4345	2	31	56	5	2020.6	16.4	0.6052
702	health care personnel	0.4354	0.3441	3	40	81	7	2021.4286	71	1.2223
755	higher education	-0.7451	0.1184	4	54	137	73	2023.1233	15.0822	0.6787
757	higher education institutions	-0.883	0.1312	4	14	21	9	2022.7778	27.1111	0.9762
780	human	0.2381	0.0681	2	89	764	74	2022.0811	55.5	1.6023
783	human experiment	-0.2484	-0.4564	4	48	114	11	2021	10.7273	0.4536
796	humans	0.369	0.1326	2	85	570	49	2021.8776	80.4082	2.2646
820	india	0.0783	-0.1236	2	87	407	50	2021.46	21.86	0.6412
850	institutional framework	-0.7294	0.5346	1	16	27	6	2022.6667	22.5	1.2329
885	internet	-0.3489	0.9264	1	35	58	5	2021.4	53.2	1.9692
901	interview	0.5361	0.482	2	47	102	8	2022.875	7.375	0.396
925	job satisfaction	-0.7193	-0.298	4	52	100	32	2022.3438	11.3125	0.5763
959	leadership	0.2104	-0.0565	2	87	447	67	2022.1343	13.2985	0.5221
969	learning	-0.2277	0.3597	1	60	131	16	2022.3125	19.5	0.7096
1015	major clinical study	0.5826	0.0295	3	35	65	5	2022.2	100	1.7755
1019	male	0.1292	-0.2775	3	84	442	34	2021.9412	85.9412	2.0392
1052	medical education	0.5639	-0.1196	2	47	117	10	2021.4	11.1	0.274
1062	medical school	0.8327	-0.5075	2	33	69	6	2021.5	6.3333	0.3566
1076	mentor	1.298	-0.314	2	26	61	6	2021.8333	11.1667	0.4978
1077	mentoring	1.2363	-0.1801	2	27	53	6	2023.1667	9.1667	0.3074
1086	middle aged	0.2413	-0.628	3	52	142	10	2024.2	210.9	5.1223
1088	middle income country	1.2288	0.0802	2	31	58	5	2021.8	11.4	0.4943
1117	motivation	-0.2312	-0.0047	1	63	128	16	2023.3125	36.9375	0.777
1205	organization and management	0.8038	0.5485	2	46	118	12	2019.0833	15.5	0.534
1210	organizational commitment	-0.9469	-0.1906	4	7	9	7	2019.4286	30.8571	0.4868
1212	organizational culture	-0.619	-0.7311	3	25	46	10	2024.1	2.8	0.4481
1232	pandemic	-0.2143	0.8048	1	41	89	7	2023.2857	325	8.063
1235	pandemics	-0.317	0.7238	1	37	73	5	2023	452.6	10.6763
1264	perceived organizational support	-1.1251	-0.4006	4	8	10	5	2024	2	0.3345
1268	perception	-0.3476	0.1261	1	60	124	16	2022.3125	26.4375	1.0223
1304	physician	0.9684	-0.4735	2	29	58	5	2023.2	4.2	0.3144
1320	policy	-0.0207	0.9427	1	37	54	5	2021.6	145.6	5.5923
1359	priority journal	0.561	0.2373	2	37	60	5	2018.6	97.6	1.6365
1378	procedures	0.8417	-0.1662	2	54	126	10	2021.1	22.8	1.0754
1381	productivity	-0.6543	-0.4508	4	30	60	16	2023.375	7.625	0.3572
1394	program evaluation	1.1493	-0.2884	2	30	62	5	2021.4	13.6	0.6915
1417	psychology	-0.3813	-0.8163	3	43	126	10	2022.5	12.3	0.5263
1422	public health	0.9079	0.3894	2	42	91	9	2020.2222	241	5.5813
1440	qualitative analysis	0.6614	-0.4164	2	38	63	6	2023.8333	2.8333	0.2317
1443	qualitative research	0.9728	-0.0441	2	36	76	6	2024.6667	3	0.406
1458	quantitative analysis	0.588	-0.535	2	35	60	5	2023.6	3	0.1795
1462	questionnaire	-0.0264	-0.697	3	54	172	14	2022.0714	15.3571	0.5134
1537	rural area	0.0978	0.4813	1	28	41	5	2022	10.8	0.3644
1583	semi structured interview	0.8491	-0.732	2	28	60	5	2022.8	7.4	0.4306
1607	skill	0.7935	-0.3268	2	43	103	9	2021.6667	16.6667	0.5564
1700	student	-0.4974	0.2967	1	45	104	10	2022.8	19.2	0.8662
1703	student engagement	-0.5219	0.4113	1	25	32	11	2023.5455	22.5455	1.1079
1709	student satisfaction	-0.6138	0.7738	1	33	51	5	2022.4	45.8	1.7079
1715	students	-0.676	0.2753	1	37	62	6	2022.6667	20.1667	0.6511
1736	surveys and questionnaires	-0.0689	-0.523	3	52	146	11	2022.2727	19.4545	0.6107
1737	sustainability	-0.2923	0.5852	1	26	41	12	2022.9167	73.4167	3.1561
1743	sustainable development	0.2269	0.7166	1	38	63	11	2021.2727	118.4545	3.6464
1744	sustainable development goal	0.3529	0.6394	1	36	54	6	2024.1667	96.1667	4.7444
1781	teaching	-0.1004	0.151	1	52	104	13	2023.0769	15.6154	0.9068
1836	training	0.5801	-0.275	2	46	72	7	2022.5714	3.7143	0.1777
1842	transformational leadership	-1.1156	-0.3331	4	9	9	5	2023.4	5	0.6247
1852	turnover intention	-1.0272	-0.0929	4	17	23	12	2022.8333	5.25	0.3656
1865	united nations	0.4582	0.7442	1	32	50	5	2021	198.2	5.8308
1869	universities	-0.5301	-0.6177	3	34	83	6	2024.3333	15.6667	0.6509
1870	university	-0.3526	-0.6834	3	45	125	10	2023.9	11.5	0.4704
1936	work engagement	-0.848	-0.4705	4	28	44	16	2021.875	36.375	1.2752
1937	work environment	0.0989	-0.6275	4	26	42	5	2020.4	5.8	0.2079
1950	work-life balance	-0.418	-0.2038	4	42	67	15	2022.6	7.0667	0.3219
1982	young adult	-0.1868	-0.6432	3	45	106	7	2023.7143	305.1429	7.1485
